Camera matrix:
3.53024945e+03 0.00000000e+00 1.73673382e+03 0.00000000e+00 3.52737490e+03 2.33115541e+03 0.00000000e+00 0.00000000e+00 1.00000000e+00
Distortion coefficient:
4.92887688e-02 -2.01716114e-01  2.24605108e-03 -5.13358779e-05 2.98967375e-01

 Rotation Vectors:
(array([[ 0.54624022],
       [-0.03383814],
       [ 1.64513838]]), array([[0.21150307],
       [0.02009993],
       [1.61135275]]), array([[ 0.04070393],
       [-0.02581693],
       [ 1.57489669]]), array([[ 0.34977206],
       [-0.64415791],
       [ 1.55039207]]), array([[ 0.07125205],
       [-0.47195097],
       [ 1.50603475]]), array([[-0.17477501],
       [-0.15035384],
       [ 1.56306376]]), array([[0.11511664],
       [0.2579246 ],
       [1.543364  ]]), array([[ 0.45701185],
       [-0.11627328],
       [ 1.69641916]]), array([[-0.07101106],
       [-0.2376173 ],
       [ 1.58076159]]), array([[-0.42969782],
       [ 0.07511221],
       [ 1.55534334]]), array([[-0.30712891],
       [ 0.1615879 ],
       [ 1.49817096]]))

 Translation Vectors:
(array([[ 3.57024234],
       [-3.07094961],
       [10.08876435]]), array([[ 4.05466327],
       [-1.30752777],
       [11.10035002]]), array([[ 4.47799227],
       [-4.86509687],
       [11.75329722]]), array([[ 4.91222277],
       [-3.80310884],
       [12.98198684]]), array([[ 5.03487332],
       [-3.57356765],
       [12.49591172]]), array([[ 4.86877142],
       [-2.59954746],
       [12.50912315]]), array([[ 3.84013924],
       [-3.26555778],
       [11.28490173]]), array([[ 3.70173342],
       [-2.20692713],
       [10.92576964]]), array([[ 4.6887971 ],
       [-0.95965582],
       [12.73506507]]), array([[ 4.93538381],
       [-0.38685244],
       [15.47875263]]), array([[ 4.40357288],
       [-2.08993255],
       [18.48007831]]))

